      DATA DTEMP /
     *   219.628830,  217.119308,  216.664413,  216.650635,  216.650040,
     *   216.649994,  216.649994,  216.650085,  216.664368,  217.607635,
     *   221.420609,  225.411545,  229.176895,  232.733994,  236.102646,
     *   239.299469,  242.338394,  245.231323,  247.988449,  250.618591,
     *   253.129440,  255.527725,  257.819366,  260.009674,  262.103271,
     *   264.104340,  266.016602,  267.843414,  269.587769,  271.252350,
     *   272.839630,  274.351776,  275.790771,  277.158386,  278.456177,
     *   279.685638,  280.847961,  281.944305,  282.975677,  283.942871,
     *   284.846649,  285.687653,  286.466370,  287.183197,  287.838409,
     *   288.149994/
      DATA STEMP /
     *   219.628830,  217.119308,  216.664413,  216.650635,  216.650040,
     *   216.649994,  216.649994,  216.650085,  216.664368,  217.607635,
     *   221.420609,  225.411545,  229.176895,  232.733994,  236.102646,
     *   239.299469,  242.338394,  245.231323,  247.988449,  250.618591,
     *   253.129440,  255.527725,  257.819366,  260.009674,  262.103271,
     *   264.104340,  266.016602,  267.843414,  269.587769,  271.252350,
     *   272.839630,  274.351776,  275.790771,  277.158386,  278.456177,
     *   279.685638,  280.847961,  281.944305,  282.975677,  283.942871,
     *   284.846649,  285.687653,  286.466370,  287.183197,  287.838409,
     *   288.149994/
      DATA GTEMP /
     * 0.146788580E-04,0.195919783E-04,0.246893305E-04,0.299834137E-04,
     * 0.354696022E-04,0.411376204E-04,0.469749575E-04,0.529681274E-04,
     * 0.591032331E-04,0.653662210E-04,0.717430157E-04,0.782196439E-04,
     * 0.847821939E-04,0.914169723E-04,0.981103512E-04,0.104848965E-03,
     * 0.111619564E-03,0.118409145E-03,0.125204853E-03,0.131994020E-03,
     * 0.138764211E-03,0.145503160E-03,0.152198831E-03,0.158839350E-03,
     * 0.165413076E-03,0.171908556E-03,0.178314513E-03,0.184619930E-03,
     * 0.190813967E-03,0.196885929E-03,0.202825438E-03,0.208622208E-03,
     * 0.214266198E-03,0.219747613E-03,0.225056807E-03,0.230184349E-03,
     * 0.235120999E-03,0.239857793E-03,0.244385854E-03,0.248696539E-03,
     * 0.252781552E-03,0.256632600E-03,0.260241679E-03,0.263601047E-03,
     * 0.266702962E-03,0.000000000E+00/
      DATA RR /
     * 0.400000E-03,0.400000E-03,0.400000E-03,0.400000E-03,0.400000E-03,
     * 0.400000E-03,0.417180E-03,0.635394E-03,0.165673E-02,0.374542E-02,
     * 0.762320E-02,0.140958E-01,0.195708E-01,0.257305E-01,0.332145E-01,
     * 0.421792E-01,0.527796E-01,0.644955E-01,0.763169E-01,0.898327E-01,
     * 0.105194E+00,0.122550E+00,0.142044E+00,0.173868E+00,0.209289E+00,
     * 0.248033E+00,0.289820E+00,0.334320E+00,0.381155E+00,0.429918E+00,
     * 0.480184E+00,0.531519E+00,0.583492E+00,0.635683E+00,0.687688E+00,
     * 0.739127E+00,0.789644E+00,0.838913E+00,0.886637E+00,0.932550E+00,
     * 0.976412E+00,0.101802E+01,0.105718E+01,0.109373E+01,0.112755E+01/
      DATA QQO3 /
     * 0.601824E-02,0.418950E-02,0.266756E-02,0.165678E-02,0.113233E-02,
     * 0.860372E-03,0.684963E-03,0.507146E-03,0.376660E-03,0.311081E-03,
     * 0.261412E-03,0.211661E-03,0.190040E-03,0.172534E-03,0.155108E-03,
     * 0.140892E-03,0.130218E-03,0.120333E-03,0.110746E-03,0.102066E-03,
     * 0.961364E-04,0.907665E-04,0.861127E-04,0.821903E-04,0.785931E-04,
     * 0.753273E-04,0.723566E-04,0.696170E-04,0.670985E-04,0.648247E-04,
     * 0.627206E-04,0.607723E-04,0.590259E-04,0.577963E-04,0.566585E-04,
     * 0.556061E-04,0.546333E-04,0.537348E-04,0.529063E-04,0.521435E-04,
     * 0.514430E-04,0.508016E-04,0.502165E-04,0.496852E-04,0.492057E-04/
      DATA PPRESS /
     * 0.343603086E+05,0.528926523E+05,0.723423672E+05,0.926477578E+05,
     * 0.113747914E+06,0.135582672E+06,0.158092750E+06,0.181219531E+06,
     * 0.204905281E+06,0.229093047E+06,0.253726609E+06,0.278750656E+06,
     * 0.304110406E+06,0.329752281E+06,0.355623094E+06,0.381670750E+06,
     * 0.407843625E+06,0.434091219E+06,0.460363594E+06,0.486611625E+06,
     * 0.512787125E+06,0.538842500E+06,0.564731125E+06,0.590407062E+06,
     * 0.615825125E+06,0.640941000E+06,0.665711125E+06,0.690092688E+06,
     * 0.714043750E+06,0.737523062E+06,0.760490438E+06,0.782905875E+06,
     * 0.804730750E+06,0.825927125E+06,0.846457500E+06,0.866285625E+06,
     * 0.885375750E+06,0.903692938E+06,0.921203000E+06,0.937872750E+06,
     * 0.953669562E+06,0.968561750E+06,0.982518375E+06,0.995509125E+06,
     * 0.100750469E+07,0.101325000E+07/
